A,200,339,196,227,297,255,256,286,295,321,236,335,285,220,349,250,347,342,338,264,369,226,447,267,409,339,384,290,426,247
AA,193,340,179,247,289,237,252,284,287,337,227,292,298,212,351,341,342,265,395,214,452,297,415,343,392,267,466,251,491,348,406,386
I,186,251,229,270,198,315,177,233,271,226,280,316,310,211,375,292,191,340,168,370,374,385
U,183,259,213,245,227,289,187,309,174,239,264,221,278,338,170,359,297,381
R,184,269,224,285,251,250,229,203,171,255,189,313,362,357,285,416,170,377,345,311,367,253,330,202,291,232,302,274,352,261
E,178,329,181,267,261,288,240,333,363,332,360,242,361,380,307,373,317,238,372,204,439,292,405,384
EE,182,335,175,266,259,289,243,325,351,329,365,245,362,370,304,364,372,203,431,253,390,291,439,340,394,389
O,192,277,236,300,201,340,169,275,241,211,305,249,264,275,311,313,265,339
KA,234,264,270,213,306,269,303,323,265,350,238,319,231,279,212,338,164,297,193,272,354,276,372,312,335,337
KHA,180,285,221,280,236,312,173,330,198,224,289,263,259,338,362,338,364,216
GA,205,220,166,270,216,348,256,247,333,231,310,340
GHA,180,283,163,238,249,223,233,287,419,281,357,208,309,244,309,331,480,333,477,216
NGA,188,275,222,320,186,341,178,245,232,218,262,338,267,229,319,220,340,257,295,283,348,309,304,343
CA,225,309,230,266,285,275,263,335,166,342,372,340,372,216
CHA,223,301,222,266,270,254,291,293,260,323,164,332,365,333,342,283,436,213,481,266,420,327,441,224
JA,192,226,208,256,168,243,194,206,246,216,257,253,280,211,343,243,201,283,195,334,314,294,340,314,326,332,303,310
JHA,201,336,174,244,252,222,297,316,251,341,235,249,296,213,343,298,380,342,427,216,473,343,514,268,476,214
NYA,188,282,239,302,206,344,174,292,222,215,280,240,282,342,290,232,346,213,400,279,356,344,330,272,399,211,466,254,443,337
TTA,268,229,179,229,198,285,254,276,274,315,238,341,165,325
TTHH,211,218,167,266,220,342,295,263,226,213
DDA,201,340,175,247,256,243,285,342,336,318,343,216,351,317,394,343,431,304,404,222
DDHA,205,337,168,255,246,226,284,341,334,324,347,216,348,322,396,342,439,234,403,218,392,282,436,269
NNA,186,281,234,288,204,340,170,284,239,212,287,265,285,338,296,220,365,232,374,336,382,227,469,259,429,337
TA,196,338,176,244,236,214,305,288,264,342,223,280,290,213,358,273,327,339
THA,170,218,168,336,354,335,350,254,296,213,245,266,251,330
DA,178,338,185,238,280,239,283,303,223,336
DHA,202,218,174,312,253,326,265,216,266,318,352,302,322,217
NA,204,336,175,239,257,230,256,341,273,223,345,244,325,335
PA,180,340,165,304,198,269,249,285,235,340,370,338,368,224
PHA,183,373,166,332,197,300,247,311,242,375,422,378,422,378,422,289,369,252,314,300,318,360
BA,185,274,232,315,175,314,209,216,288,335,286,228,379,257,351,325,451,329,451,214
BHA,178,339,187,228,280,234,220,260,219,304,287,309,205,332
MA,169,327,185,226,226,209,187,324,289,330,237,209
YA,250,235,289,215,326,250,257,343,172,283,223,219,252,314,318,345,370,294,350,220
RA,198,338,173,258,258,223,295,311,246,341,250,241
LA,183,279,280,280,234,207,174,244,166,328,342,328,338,215
VA,199,332,172,257,254,214,289,280,260,338,347,332,355,216
SHA,196,218,180,328,278,216,376,290,332,345,325,242
SSA,183,330,197,260,258,292,242,331,412,323,416,217,308,278,281,216,324,220,330,316
SA,205,330,171,245,229,206,257,330,265,222,305,204,379,332,438,268,398,205
HA,180,330,166,295,217,258,257,294,241,330,339,331,322,228,420,231,397,331
LLA,194,241,227,268,199,304,179,237,256,209,287,241,256,265,295,308,179,327,200,373,299,370
LLLA,182,219,187,291,257,296,287,245,233,218,240,317,214,341,182,325
RRA,203,338,172,253,229,213,289,272,248,336
ennn,209,332,246,323,266,354,245,396,212,394,190,342,215,283,268,263,318,290,317,395,336,269,413,297,410,389,455,261,519,324,481,395,449,329,500,246,485,213,434,226
nnn,197,383,181,280,242,294,240,386,270,267,335,319,291,381,280,218
elll,291,256,255,345,288,388,352,292,446,279,418,386,395,300,430,216,372,222
lll,233,381,190,306,289,262,350,296,315,390,276,293,377,260,479,349,432,390,417,291,450,220,381,223
rrr,206,393,187,292,321,300,281,397,242,217
